l
l
  0        745.055  
  2        898.812  
  4        866.712  
  6        898.812  
  8        1098.322  
 10        680.124  
 12        733.459  
 14        882.495  
 16        1098.322  
 18        745.055  
 20        882.495  
 22        882.495  
 24        1052.240  
 26        1098.322  
 28        882.495  
 30        722.190  
 32        781.947  
 34        882.495  
 36        1293.229  
 38        1098.322  
 40        882.495  
 42        733.459  
 44        733.459  
 46        915.691  
 48        1098.322  
 50        1174.792  
 52        882.495  
 54        307.247  
 56        108.686  
 58        94.161  
 60        120.857  
 62        245.021  
 64        311.950  
 66        273.854  
 68        171.878  
 70        150.624  
 72        111.875  
 74        93.372  
 76        87.236  
 78        83.899  
 80        72.123  
 82        64.223  
 84        61.444  
 86        60.020  
 88        55.480  
 90        52.698  
 92        48.696  
 94        48.382  
 96        55.581  
 98        82.629  
100        132.239  
102        61.810  
104        43.940  
106        42.171  
108        41.102  
110        39.480  
112        40.699  
114        39.266  
116        40.586  
118        39.426  
120        40.026  
122        41.277  
124        43.229  
126        44.270  
128        43.039  
130        40.929  
132        38.174  
134        38.072  
136        38.224  
138        38.531  
140        40.304  
142        40.699  
144        40.756  
146        43.744  
148        44.808  
150        43.421  
152        46.788  
154        46.862  
156        48.935  
158        51.270  
160        52.881  
162        55.080  
164        57.994  
166        57.994  
168        61.082  
170        64.753  
172        63.442  
174        59.217  
176        49.176  
178        48.539  
180        48.935  
end
